78
50 7 -31
40 43 5
18 10 2
13 30 35
46 60 -72
48 67 7
73 72 47
20 58 -13
46 33 47
18 26 -2
53 45 -22
62 51 -57
4 63 -45
18 77 45
11 75 -49
54 70 -75
70 75 9
17 31 29
61 51 -26
13 62 -51
17 29 -4
73 44 0
24 59 18
59 32 7
53 44 -51
2 9 -12
32 72 -33
0 55 -67
1 69 -63
77 14 50
1 73 -1
77 22 66
41 60 35
32 22 26
2 36 58
59 59 16
58 19 -33
1 42 21
60 30 -6
55 75 45
56 50 56
9 45 -25
6 73 0
25 10 55
39 46 64
37 32 47
33 17 -33
50 62 74
9 8 50
29 72 21
9 49 50
35 32 45
8 66 -60
29 1 47
60 31 -5
16 15 -50
15 33 60
69 40 -63
53 41 -34
17 7 77
63 20 17
34 28 18
64 30 37
39 64 30
16 67 58
15 35 28
62 6 20
59 75 -33
47 18 38
68 50 -56
52 35 -72
17 47 -17
63 61 -8
37 73 -63
13 64 -6
24 64 14
73 26 53
44 20 28